4294967294,0
4294967278,209
4294967279,0
4294967279,538
4294967278,331
4294967278,207
4294967278,410
4294967278,205
4294967278,409
4294967278,408
4294967278,307
4294967278,201
4294967278,407
4294967278,199
4294967294,1423
4294967294,7
4294967294,22
4294967278,350
4294967278,132
4294967278,131
4294967278,385
4294967278,130
4294967278,383
4294967278,129
4294967278,128
4294967278,127
4294967278,126
4294967278,125
4294967278,124
4294967278,123
4294967278,122
4294967278,121
4294967278,120
4294967278,119
4294967278,118
4294967278,117
4294967278,116
4294967278,115
4294967278,114
4294967278,113
4294967278,112
4294967278,111
4294967278,110
4294967278,109
4294967278,108
4294967278,107
4294967278,106
4294967278,105
4294967278,104
4294967278,103
4294967278,102
4294967278,101
4294967278,100
4294967278,99
4294967278,98
4294967278,97
4294967278,96
4294967278,95
4294967278,94
4294967278,93
4294967278,92
4294967278,91
4294967278,90
4294967278,89
4294967278,87
4294967278,86
4294967278,85
4294967278,84
4294967278,83
4294967278,82
4294967278,81
4294967278,80
4294967278,79
4294967278,78
4294967278,77
4294967278,75
4294967278,252
4294967278,74
4294967278,73
4294967278,357
4294967278,72
4294967278,416
4294967278,71
4294967278,70
4294967278,69
4294967278,251
4294967278,68
4294967278,67
4294967278,66
4294967278,65
4294967278,64
4294967278,63
4294967278,346
4294967279,84
4294967279,82
4294967279,81
4294967279,75
4294967279,73
4294967279,272
4294967279,294
4294967279,66
4294967279,61
4294967279,245
4294967279,58
4294967279,56
4294967279,51
4294967279,49
4294967279,291
4294967279,46
4294967279,550
4294967279,39
4294967279,525
4294967279,219
4294967279,37
4294967279,36
4294967279,543
4294967279,33
4294967279,31
4294967279,30
4294967279,28
4294967279,25
4294967279,357
4294967279,531
4294967279,21
4294967279,18
4294967279,12
4294967279,9
4294967279,8
4294967279,534
4294967279,7
4294967279,6
4294967279,5
4294967279,4
4294967279,329
4294967278,197
4294967279,198
4294967294,36
4294967294,474
4294967279,194
4294967294,1428
4294967294,39
4294967294,473
4294967279,192
4294967278,190
4294967294,17
4294967294,67
4294967294,76
4294967294,41
4294967294,51
4294967294,52
4294967294,25
4294967294,26
4294967294,82
4294967294,1415
4294967278,76
4294967278,319
4294967294,6
4294967278,188
0,5
1101,5
1101,4
1101,3
1101,2
1101,1
1099,7
1099,6
1099,5
1099,4
1099,3
1099,2
1099,1
4294967279,532
4294967279,547
1095,5
1095,4
1095,3
1095,2
1095,1
1093,4
1093,3
1093,2
1093,1
1092,4
1092,3
1092,2
1092,1
1091,5
1091,4
1091,3
1091,2
1091,1
1090,6
1090,5
1090,4
1090,3
1090,2
1090,1
4294967279,341
4294967279,345
4294967294,1429
1087,4
1087,3
1087,2
1087,1
1086,5
1086,4
1086,3
1086,2
1086,1
4294967278,406
1084,6
1084,5
1084,4
1084,3
1084,2
1084,1
4294967278,405
4294967279,575
1081,5
1081,4
1081,3
1081,2
1081,1
4294967278,404
1079,4
1079,3
1079,2
1079,1
1078,6
1078,5
1078,4
1078,3
1078,2
1078,1
4294967279,276
4294967278,402
4294967279,339
1075,4
1075,3
1075,2
1075,1
4294967279,337
4294967279,336
4294967294,1050
1074,8
1074,7
1074,6
1074,5
1074,4
1074,3
1074,2
1074,1
4294967279,334
4294967279,333
4294967278,401
4294967279,332
4294967278,399
4294967278,398
1069,4
1069,3
1069,2
1069,1
4294967294,1082
1068,5
1068,4
1068,3
1068,2
1068,1
1066,4
1066,3
1066,2
1066,1
1065,4
1065,3
1065,2
1065,1
4294967294,1081
1064,6
1064,5
1064,4
1064,3
1064,2
1064,1
1063,7
4294967279,331
1063,6
4294967279,309
4294967279,330
1063,5
1063,4
1063,3
1063,2
1063,1
1061,5
1061,4
1061,3
1061,2
1061,1
1060,4
1060,3
1060,2
1060,1
4294967278,397
1059,5
4294967278,395
1059,4
1059,3
1059,2
1059,1
4294967279,328
4294967279,324
1057,5
1057,4
1057,3
1057,2
1057,1
1055,5
1055,4
1055,3
1055,2
1055,1
4294967294,428
1053,5
1053,4
1053,3
1053,2
1053,1
1051,5
1051,4
1051,3
1051,2
1051,1
1050,5
1050,4
1050,3
1050,2
1050,1
4294967278,394
4294967279,323
4294967278,393
4294967279,322
4294967279,321
4294967278,392
4294967279,320
4294967279,254
4294967278,390
4294967278,389
4294967279,296
4294967294,472
4294967278,359
4294967293,131
4294967293,130
4294967293,129
4294967293,128
4294967293,127
4294967293,126
4294967293,125
4294967293,124
4294967293,123
4294967293,122
4294967293,121
4294967293,120
4294967293,119
4294967293,118
4294967293,117
4294967293,116
4294967293,115
4294967293,114
4294967293,113
4294967293,112
4294967293,111
4294967293,110
4294967293,109
4294967293,108
4294967293,107
4294967293,106
4294967293,105
4294967293,104
4294967293,103
4294967293,102
4294967293,101
4294967293,100
4294967293,99
4294967293,98
4294967293,97
4294967293,96
4294967293,95
4294967293,94
4294967293,93
4294967293,92
4294967293,91
4294967293,90
4294967293,89
4294967293,88
4294967293,87
4294967293,86
4294967293,85
4294967293,84
4294967293,83
4294967293,82
4294967293,81
4294967293,80
4294967293,79
4294967293,78
4294967293,77
